Sun 14 Oct 2018 at 13:46:05;f;jack;12-4-2012;jacklaverton@gmail.com
b;b
Sun 14 Oct 2018 at 13:45:37;adf;b;adf;a
Sun 14 Oct 2018 at 13:45:38;3;12;4;
Sun 14 Oct 2018 at 13:45:39;3;12;5;6
Sun 14 Oct 2018 at 13:45:40;8;7;9;9
Sun 14 Oct 2018 at 13:48:08;t;aarrt;12-4-1999;jacklaverton@gmail.com
